mysql> source npari22-project2-2-e.sql
+------+--------------+
| year | no_of_movies |
+------+--------------+
| 2000 |         1059 |
| 2001 |         1125 |
| 2002 |         1217 |
| 2003 |         1541 |
| 2004 |         1444 |
| 2005 |         1567 |
| 2006 |         1455 |
| 2007 |         1424 |
| 2008 |         1502 |
| 2009 |         1501 |
| 2010 |          479 |
| 2011 |          102 |
| 2012 |           24 |
| 2013 |            5 |
| 2014 |            1 |
+------+--------------+
15 rows in set (46.75 sec)
